ID	lgth	out	in	long_cov	short1_cov	short1_Ocov	short2_cov	short2_Ocov	long_nb	short1_nb	short2_nb
1	1830	2	0	0.000000	31.397268	28.782514	0.000000	0.000000	0	512	0
2	25	1	1	0.000000	23.120000	23.120000	0.000000	0.000000	0	22	0
3	6	1	2	0.000000	85.500000	79.166667	0.000000	0.000000	0	41	0
4	4	1	2	0.000000	131.750000	92.750000	0.000000	0.000000	0	63	0
5	4	2	1	0.000000	96.750000	79.250000	0.000000	0.000000	0	46	0
6	9	2	1	0.000000	71.333333	53.666667	0.000000	0.000000	0	40	0
7	2	2	1	0.000000	55.500000	55.500000	0.000000	0.000000	0	34	0
8	8	1	1	0.000000	39.375000	39.375000	0.000000	0.000000	0	24	0
9	2	1	2	0.000000	59.000000	59.000000	0.000000	0.000000	0	30	0
10	106	0	0	0.000000	45.754717	38.405660	0.000000	0.000000	0	52	0
11	3186	1	1	0.000000	30.885750	28.904269	0.000000	0.000000	0	835	0
12	73	2	2	0.000000	55.767123	55.767123	0.000000	0.000000	0	77	0
13	31	1	1	0.000000	62.032258	62.032258	0.000000	0.000000	0	52	0
14	11	2	2	0.000000	135.272727	97.272727	0.000000	0.000000	0	74	0
15	11	2	2	0.000000	75.181818	50.181818	0.000000	0.000000	0	46	0
16	27	2	1	0.000000	39.111111	38.592593	0.000000	0.000000	0	43	0
17	1	0	0	0.000000	39.000000	38.000000	0.000000	0.000000	0	23	0
18	4	1	1	0.000000	23.750000	23.750000	0.000000	0.000000	0	12	0
19	2	2	2	0.000000	38.500000	38.500000	0.000000	0.000000	0	19	0
20	42	1	1	0.000000	16.833333	16.833333	0.000000	0.000000	0	19	0
21	11	1	1	0.000000	43.454545	22.181818	0.000000	0.000000	0	29	0
22	9	1	2	0.000000	94.000000	81.000000	0.000000	0.000000	0	57	0
23	184	0	0	0.000000	36.896739	32.369565	0.000000	0.000000	0	92	0
24	356	1	1	0.000000	24.848315	24.691011	0.000000	0.000000	0	116	0
25	36	0	0	0.000000	43.722222	41.222222	0.000000	0.000000	0	38	0
26	56	0	0	0.000000	51.428571	50.375000	0.000000	0.000000	0	52	0
27	42	1	1	0.000000	12.857143	12.857143	0.000000	0.000000	0	10	0
28	1	1	3	0.000000	224.000000	224.000000	0.000000	0.000000	0	102	0
29	1	1	2	0.000000	237.000000	237.000000	0.000000	0.000000	0	106	0
30	7	2	2	0.000000	276.142857	213.285714	0.000000	0.000000	0	134	0
31	3	2	2	0.000000	314.333333	113.000000	0.000000	0.000000	0	156	0
32	1	1	1	0.000000	296.000000	51.000000	0.000000	0.000000	0	138	0
33	14	2	2	0.000000	301.928571	150.285714	0.000000	0.000000	0	167	0
34	30	2	2	0.000000	203.300000	203.266667	0.000000	0.000000	0	120	0
35	3	2	1	0.000000	89.000000	89.000000	0.000000	0.000000	0	42	0
36	3	1	1	0.000000	77.666667	77.666667	0.000000	0.000000	0	36	0
37	6	1	1	0.000000	117.166667	117.166667	0.000000	0.000000	0	64	0
38	3	1	2	0.000000	283.000000	95.666667	0.000000	0.000000	0	137	0
39	174	2	2	0.000000	72.821839	71.660920	0.000000	0.000000	0	153	0
40	15	0	0	0.000000	42.600000	29.933333	0.000000	0.000000	0	23	0
41	3	3	1	0.000000	237.333333	202.666667	0.000000	0.000000	0	104	0
42	1	1	1	0.000000	73.000000	72.000000	0.000000	0.000000	0	30	0
43	5	1	2	0.000000	91.600000	91.400000	0.000000	0.000000	0	39	0
44	26	1	1	0.000000	48.500000	47.846154	0.000000	0.000000	0	35	0
45	15	2	2	0.000000	58.466667	58.466667	0.000000	0.000000	0	39	0
46	45	1	1	0.000000	20.333333	20.333333	0.000000	0.000000	0	21	0
47	1	3	2	0.000000	147.000000	39.000000	0.000000	0.000000	0	66	0
48	437	1	0	0.000000	21.009153	20.675057	0.000000	0.000000	0	90	0
49	1447	1	1	0.000000	45.191431	41.033863	0.000000	0.000000	0	567	0
50	66	2	2	0.000000	74.318182	48.030303	0.000000	0.000000	0	58	0
51	51	0	0	0.000000	42.921569	42.921569	0.000000	0.000000	0	47	0
52	415659	0	2	0.000000	19.634970	0.010716	0.000000	0.000000	0	69346	0
53	7462	0	0	0.000000	29.381131	28.739078	0.000000	0.000000	0	1840	0
54	56	1	1	0.000000	19.714286	19.714286	0.000000	0.000000	0	22	0
55	22	2	2	0.000000	41.772727	41.772727	0.000000	0.000000	0	26	0
56	56	1	1	0.000000	21.642857	21.642857	0.000000	0.000000	0	26	0
57	30	1	1	0.000000	75.566667	75.566667	0.000000	0.000000	0	22	0
58	4	1	1	0.000000	264.750000	72.750000	0.000000	0.000000	0	126	0
59	1	1	1	0.000000	152.000000	128.000000	0.000000	0.000000	0	66	0
60	2	2	2	0.000000	160.500000	136.000000	0.000000	0.000000	0	74	0
61	3	1	1	0.000000	133.666667	132.666667	0.000000	0.000000	0	62	0
62	35	1	1	0.000000	23.400000	23.400000	0.000000	0.000000	0	20	0
63	25	1	1	0.000000	15.760000	15.760000	0.000000	0.000000	0	15	0
64	91	1	0	0.000000	26.802198	26.802198	0.000000	0.000000	0	34	0
65	357	1	1	0.000000	15.731092	15.641457	0.000000	0.000000	0	71	0
66	54	2	0	0.000000	42.574074	26.351852	0.000000	0.000000	0	38	0
67	4	1	1	0.000000	17.500000	17.500000	0.000000	0.000000	0	4	0
68	3	2	0	0.000000	49.333333	49.333333	0.000000	0.000000	0	26	0
69	212	0	1	0.000000	28.400943	28.254717	0.000000	0.000000	0	104	0
70	18	1	1	0.000000	72.722222	72.111111	0.000000	0.000000	0	17	0
71	8	0	1	0.000000	23.500000	23.500000	0.000000	0.000000	0	20	0
72	2	3	3	0.000000	292.000000	49.000000	0.000000	0.000000	0	126	0
73	3	2	1	0.000000	23.666667	23.666667	0.000000	0.000000	0	11	0
74	1	1	1	0.000000	10.000000	10.000000	0.000000	0.000000	0	6	0
75	21	1	1	0.000000	25.857143	25.857143	0.000000	0.000000	0	7	0
76	32	2	2	0.000000	14.437500	14.437500	0.000000	0.000000	0	23	0
77	34	1	1	0.000000	15.000000	15.000000	0.000000	0.000000	0	18	0
78	47	1	1	0.000000	14.319149	14.319149	0.000000	0.000000	0	16	0
79	9	1	2	0.000000	31.333333	31.333333	0.000000	0.000000	0	15	0
80	17	1	1	0.000000	41.588235	41.588235	0.000000	0.000000	0	25	0
81	31	1	1	0.000000	19.290323	19.290323	0.000000	0.000000	0	12	0
82	64	1	1	0.000000	36.843750	36.843750	0.000000	0.000000	0	49	0
83	65	1	1	0.000000	17.723077	17.723077	0.000000	0.000000	0	18	0
84	1	1	1	0.000000	12.000000	12.000000	0.000000	0.000000	0	9	0
85	19	2	1	0.000000	32.263158	32.263158	0.000000	0.000000	0	19	0
86	31	1	1	0.000000	19.225806	19.225806	0.000000	0.000000	0	12	0
87	12	1	1	0.000000	49.750000	49.750000	0.000000	0.000000	0	31	0
88	49	1	1	0.000000	28.530612	20.428571	0.000000	0.000000	0	31	0
89	1	1	1	0.000000	109.000000	109.000000	0.000000	0.000000	0	11	0
90	43	1	1	0.000000	19.534884	19.162791	0.000000	0.000000	0	18	0
91	25	1	1	0.000000	16.760000	16.760000	0.000000	0.000000	0	12	0
92	18	1	1	0.000000	27.333333	27.333333	0.000000	0.000000	0	14	0
93	13	1	1	0.000000	13.230769	13.230769	0.000000	0.000000	0	10	0
94	39	1	1	0.000000	24.666667	24.666667	0.000000	0.000000	0	15	0
95	1	1	1	0.000000	13.000000	13.000000	0.000000	0.000000	0	8	0
96	4	1	1	0.000000	14.250000	14.250000	0.000000	0.000000	0	9	0
97	7	1	1	0.000000	10.714286	10.714286	0.000000	0.000000	0	7	0
98	12	1	1	0.000000	24.666667	24.666667	0.000000	0.000000	0	12	0
99	3	1	1	0.000000	83.666667	83.666667	0.000000	0.000000	0	6	0
